Year,number,"Lowest
fifth","Second
fifth","Third
fifth","Fourth
fifth","Highest
fifth","Top 5
percent",
2020,"129,931",3.0,8.1,14.0,22.6,52.3,23,
2019,"128,451",3.1,8.2,14.1,22.7,51.9,23,
2018,"128,579",3.1,8.2,14.1,22.6,52.0,23.1,
2017,"127,628",3.1,8.2,14.1,22.8,51.9,22.8,
2016,"126,224",3.1,8.3,14.2,22.9,51.5,22.6,
2015,"125,819",3.1,8.2,14.3,23.3,51.1,22.1,
2014,"124,587",3.1,8.2,14.3,23.2,51.2,21.9,
2013,"123,442",3.15,8.3,14.35,23,51.2,22.2,
2012,"122,459",3.2,8.3,14.4,23,51.1,22.3,
2011,"121,084",3.2,8.4,14.3,23,51.1,22.3,
2010,"119,927",3.3,8.5,14.5,23.4,50.3,21.3,
2009,"117,538",3.4,8.6,14.5,23.2,50.3,21.7,
2008,"117,181",3.4,8.6,14.7,23.3,50,21.5,
2007,"116,783",3.4,8.7,14.8,23.4,49.7,21.2,
2006,"116,011",3.4,8.6,14.5,22.9,50.6,22.3,
2005,"114,384",3.4,8.6,14.6,23,50.4,22.2,
2004,"113,343",3.4,8.6,14.7,23.2,50.1,21.8,
2003,"112,000",3.4,8.6,14.8,23.4,49.8,21.4,
2002,"111,278",3.5,8.7,14.8,23.3,49.7,21.7,
2001,"109,297",3.5,8.7,14.6,23,50.2,22.4,
2000,"108,209",3.6,8.8,14.8,23,49.8,22.1,
1999,"106,434",3.6,8.9,14.9,23.2,49.4,21.5,
1998,"103,874",3.6,9,15,23.2,49.2,21.4,
1997,"102,528",3.6,8.9,15,23.2,49.3,21.7,
1996,"101,018",3.6,9,15.1,23.3,49,21.4,
1995,"99,627",3.7,9.1,15.2,23.3,48.7,21,
1994,"98,990",3.6,8.9,15,23.4,49.1,21.2,
1993,"97,107",3.6,9,15.1,23.4,48.9,21,
1992,"96,426",3.8,9.4,15.8,24.1,46.9,18.6,
1991,"95,669",3.8,9.6,15.9,24.2,46.5,18.1,
1990,"94,312",3.8,9.7,15.9,24,46.6,18.5,
1989,"93,347",3.8,9.5,15.9,24,46.8,18.9,
1988,"92,830",3.8,9.7,16,24.2,46.3,18.3,
1987,"91,124",3.8,9.6,16.1,24.3,46.2,18.2,
1986,"89,479",3.8,9.7,16.2,24.3,46,18,
1985,"88,458",3.9,9.9,16.2,24.4,45.6,17.6,
1984,"86,789",4,9.9,16.3,24.6,45.2,17.1,
1983,"85,407",4,9.9,16.4,24.6,45.1,17,
1982,"83,918",4,10,16.5,24.5,45,17,
1981,"83,527",4.1,10.1,16.7,24.8,44.3,16.5,
1980,"82,368",4.2,10.2,16.8,24.7,44.1,16.5,
1979,"80,776",4.1,10.2,16.8,24.7,44.2,16.9,
1978,"77,330",4.2,10.2,16.8,24.7,44.1,16.8,
1977,"76,030",4.2,10.2,16.9,24.7,44,16.8,
1976,"74,142",4.3,10.3,17,24.7,43.7,16.6,
1975,"72,867",4.3,10.4,17,24.7,43.6,16.5,
1974,"71,163",4.3,10.6,17,24.6,43.5,16.5,
1973,"69,859",4.2,10.4,17,24.5,43.9,16.9,
1972,"68,251",4.1,10.4,17.1,24.5,43.9,17,
1971,"66,676",4.1,10.6,17.3,24.5,43.5,16.7,
1970,"64,778",4.1,10.8,17.4,24.5,43.2,16.6,
1969,"63,401",4.1,10.9,17.5,24.5,43,16.6,
1968,"62,214",4.2,11.1,17.6,24.5,42.6,16.3,
1967,"60,813",4,10.8,17.3,24.2,43.7,17.2,
